1023.4 1022.5 1021.6 1020.7 1019.7 1018.7 1017.8 1016.8 1015.8 1014.9 1014.0 1013.2 1012.3 1011.5 1010.7 1009.8 1009.1 1008.8 1008.5 1007.9 1007.4 1007.1 1007.1 1007.2 1007.3 1007.5 1007.6 1007.9 1008.3 1008.8 1009.3 
1021.6 1020.7 1019.8 1018.8 1017.9 1016.9 1015.9 1014.9 1013.9 1012.9 1011.9 1011.0 1010.1 1009.2 1008.3 1007.5 1006.7 1006.2 1005.8 1005.3 1004.9 1004.7 1004.7 1004.9 1005.2 1005.4 1005.8 1006.3 1007.0 1007.7 1008.3 
1019.9 1019.0 1018.2 1017.3 1016.3 1015.3 1014.3 1013.3 1012.2 1011.1 1010.1 1009.1 1008.1 1007.0 1006.0 1005.1 1004.2 1003.6 1003.1 1002.7 1002.3 1002.1 1002.1 1002.5 1003.0 1003.4 1004.1 1004.9 1005.8 1006.7 1007.3 
1018.6 1017.8 1016.9 1016.0 1015.1 1014.0 1013.0 1011.8 1010.7 1009.5 1008.4 1007.4 1006.3 1005.2 1004.0 1002.9 1001.9 1001.2 1000.6 1000.2 999.7 999.4 999.6 1000.1 1000.9 1001.6 1002.6 1003.8 1004.9 1005.8 1006.3 
1017.7 1016.9 1016.0 1015.0 1014.0 1012.9 1011.7 1010.5 1009.3 1008.1 1006.9 1005.7 1004.5 1003.4 1002.2 1001.0 999.8 998.9 998.3 997.6 997.1 996.8 997.1 997.9 999.0 1000.2 1001.6 1002.9 1004.1 1004.9 1005.3 
1016.9 1016.0 1015.1 1014.1 1012.9 1011.8 1010.5 1009.3 1008.0 1006.7 1005.4 1004.1 1002.8 1001.5 1000.3 999.0 997.8 996.8 995.9 995.1 994.5 994.4 994.9 996.0 997.5 999.2 1000.8 1002.2 1003.2 1003.9 1004.3 
1016.2 1015.2 1014.1 1013.0 1011.8 1010.6 1009.3 1008.0 1006.6 1005.3 1003.9 1002.5 1001.1 999.7 998.3 997.0 995.8 994.7 993.5 992.4 991.9 992.1 993.0 994.6 996.6 998.5 1000.2 1001.5 1002.4 1002.9 1003.3 
1015.3 1014.3 1013.1 1011.9 1010.7 1009.3 1007.9 1006.5 1005.1 1003.7 1002.3 1000.8 999.3 997.8 996.3 994.9 993.8 992.6 991.2 989.8 989.4 990.1 991.6 993.8 996.0 998.0 999.6 1000.7 1001.4 1001.9 1002.2 
1014.4 1013.2 1012.0 1010.7 1009.4 1007.9 1006.5 1005.0 1003.5 1002.0 1000.4 998.9 997.4 995.9 994.3 992.9 991.7 990.5 988.8 987.3 987.5 989.0 991.0 993.4 995.7 997.5 998.8 999.8 1000.4 1000.9 1001.1 
1013.3 1012.1 1010.8 1009.4 1007.9 1006.4 1004.9 1003.2 1001.6 1000.1 998.4 996.8 995.3 993.8 992.3 990.8 989.5 987.8 986.0 985.3 986.5 988.6 991.0 993.4 995.4 997.0 998.1 998.9 999.5 999.9 1000.2 
1012.2 1010.9 1009.4 1007.9 1006.4 1004.8 1003.2 1001.4 999.7 998.0 996.3 994.7 993.1 991.6 990.0 988.4 986.7 984.9 983.6 984.3 986.2 988.5 991.2 993.4 995.1 996.4 997.3 998.1 998.6 999.0 999.3 
1011.0 1009.6 1008.1 1006.5 1004.8 1003.2 1001.4 999.6 997.7 995.9 994.1 992.5 990.8 989.2 987.4 985.5 983.7 982.5 982.5 984.4 986.8 989.2 991.6 993.4 994.8 995.9 996.7 997.3 997.8 998.2 998.6 
1009.8 1008.2 1006.7 1005.0 1003.2 1001.5 999.6 997.7 995.8 993.8 991.9 990.1 988.3 986.4 984.5 982.8 981.7 981.8 983.0 985.1 987.5 990.0 991.9 993.4 994.5 995.5 996.1 996.6 997.0 997.5 998.0 
1008.5 1006.9 1005.2 1003.5 1001.6 999.7 997.8 995.7 993.7 991.6 989.5 987.5 985.5 983.6 982.1 981.3 981.6 982.7 984.5 986.7 988.8 990.7 992.2 993.5 994.5 995.2 995.6 995.9 996.3 996.8 997.4 
1007.1 1005.4 1003.7 1001.9 1000.0 998.0 995.9 993.6 991.3 989.0 986.8 984.6 982.7 981.5 981.1 981.6 982.9 984.5 986.4 988.2 989.9 991.3 992.6 993.7 994.5 995.0 995.2 995.4 995.7 996.1 996.6 
1005.7 1004.0 1002.2 1000.3 998.3 996.2 993.8 991.3 988.7 986.2 983.9 982.1 981.1 981.0 981.8 983.2 984.9 986.6 988.1 989.5 990.9 992.1 993.1 994.0 994.5 994.8 994.9 994.9 995.1 995.4 995.4 
1004.3 1002.5 1000.7 998.7 996.6 994.3 991.5 988.7 985.9 983.6 982.0 981.1 981.2 982.2 983.7 985.5 987.0 988.4 989.6 990.8 991.9 992.9 993.7 994.3 994.6 994.7 994.6 994.4 994.4 994.5 994.3 
1002.8 1001.0 999.2 997.2 994.8 992.1 989.1 986.2 983.8 982.3 981.7 981.9 982.9 984.5 986.2 987.6 988.9 990.0 991.1 992.0 993.0 993.7 994.3 994.6 994.7 994.5 994.2 994.0 993.6 993.5 993.0 
1001.3 999.6 997.7 995.6 992.9 989.9 986.9 984.5 983.1 982.7 983.0 984.0 985.5 987.0 988.4 989.6 990.6 991.5 992.5 993.3 994.0 994.5 994.7 994.8 994.6 994.3 993.8 993.3 992.7 992.4 991.7 
999.9 998.2 996.3 993.9 991.0 988.2 985.9 984.5 984.0 984.4 985.4 986.7 988.1 989.4 990.5 991.5 992.3 993.2 993.9 994.5 994.9 995.1 995.1 994.8 994.4 993.9 993.2 992.4 991.6 991.0 990.4 
998.6 996.9 994.8 992.3 989.7 987.5 986.2 985.7 986.1 987.0 988.1 989.3 990.5 991.5 992.4 993.3 994.0 994.6 995.1 995.5 995.6 995.5 995.2 994.8 994.1 993.3 992.4 991.4 990.4 989.5 988.8 
997.2 995.5 993.3 991.0 989.2 988.0 987.4 987.8 988.7 989.7 990.7 991.7 992.6 993.5 994.3 995.0 995.6 996.0 996.2 996.3 996.1 995.8 995.2 994.5 993.6 992.6 991.5 990.4 989.3 988.3 987.6 
995.9 994.0 992.0 990.4 989.4 988.9 989.2 990.2 991.3 992.2 993.1 993.9 994.7 995.4 996.1 996.6 996.9 997.1 997.0 996.8 996.4 995.8 995.0 994.1 993.0 991.8 990.7 989.6 988.6 987.7 987.1 
994.4 992.6 991.1 990.2 989.9 990.3 991.1 992.3 993.5 994.1 994.9 996.1 996.9 997.3 997.7 998.0 998.1 998.0 997.7 997.2 996.6 995.7 994.7 993.5 992.2 991.0 990.0 989.1 988.4 987.7 987.2 
992.8 991.4 990.5 990.4 990.7 991.8 993.1 994.3 995.7 996.6 997.6 998.5 998.7 999.2 999.3 999.2 999.1 998.8 998.3 997.6 996.7 995.5 994.2 992.8 991.5 990.5 989.6 988.9 988.3 987.7 987.2 
991.4 990.5 990.4 990.9 992.0 993.5 995.0 996.4 997.7 998.9 1000.1 1000.8 1000.9 1000.8 1000.6 1000.3 999.9 999.4 998.7 997.8 996.7 995.3 993.7 992.2 991.0 990.1 989.4 988.8 988.2 987.5 986.9 
990.3 990.1 990.7 992.0 993.5 995.1 996.7 998.3 999.8 1001.1 1002.1 1002.6 1002.4 1002.0 1001.7 1001.2 1000.6 1000.0 999.1 998.0 996.6 995.0 993.3 991.8 990.6 989.8 989.2 988.5 987.8 987.0 986.1 
989.8 990.5 991.8 993.4 995.0 996.5 998.0 999.4 1001.0 1002.3 1003.2 1003.6 1003.4 1002.6 1002.6 1002.0 1001.3 1000.4 999.4 998.1 996.6 994.8 993.1 991.6 990.5 989.7 988.9 988.1 987.1 986.0 984.9 
990.4 991.7 993.4 995.0 996.3 997.6 999.1 1000.4 1001.6 1002.8 1003.7 1004.2 1004.2 1003.8 1003.4 1002.7 1001.9 1000.9 999.6 998.2 996.6 994.8 993.1 991.7 990.5 989.5 988.5 987.4 986.1 984.8 983.4 
992.0 993.6 995.2 996.5 997.7 998.9 1000.2 1001.4 1002.5 1003.1 1004.0 1004.8 1004.9 1004.6 1004.1 1003.4 1002.5 1001.3 999.9 998.4 996.7 995.0 993.3 991.8 990.5 989.3 988.0 986.6 985.1 983.4 981.8 
