-12.557 -12.764 -12.952 -13.148 -13.372 -13.601 -13.792 -13.884 -13.832 -13.61 -13.166 -12.331 -11.228 -10.245 -9.451 -8.579 -7.684 -6.937 -4.922 -1.853 -0.228 0.572 2.031 3.104 3.34 3.149 2.715 2.473 2.499 2.322 1.528 
-12.683 -12.875 -13.093 -13.337 -13.608 -13.888 -14.13 -14.295 -14.333 -14.242 -14.006 -13.575 -12.812 -11.662 -10.393 -8.944 -7.813 -7.415 -5.814 -3.125 -1.311 0.657 2.855 3.855 4.07 3.999 3.893 4.003 3.932 3.129 1.577 
-12.191 -12.462 -12.788 -13.135 -13.478 -13.788 -14.048 -14.243 -14.35 -14.363 -14.269 -14.055 -13.618 -12.833 -11.762 -10.217 -8.836 -8.07 -6.709 -4.664 -2.175 1.111 3.633 4.482 4.819 5.21 5.706 5.904 5.125 3.286 1.052 
-11.415 -11.893 -12.387 -12.842 -13.231 -13.554 -13.808 -14.001 -14.134 -14.163 -14.072 -13.862 -13.621 -13.218 -12.582 -11.453 -10.119 -8.934 -7.56 -5.367 -1.851 1.994 4.188 5.046 5.918 7.104 7.934 7.447 5.443 2.722 0.28 
-11.085 -11.766 -12.371 -12.878 -13.293 -13.639 -13.918 -14.131 -14.257 -14.261 -14.117 -13.811 -13.47 -13.14 -12.701 -12.004 -11.049 -9.955 -8.281 -5.312 -1.299 2.333 4.234 5.663 7.737 9.557 9.754 7.87 4.803 1.88 -0.286 
-11.492 -12.222 -12.832 -13.36 -13.834 -14.255 -14.613 -14.868 -14.981 -14.961 -14.766 -14.388 -13.836 -13.249 -12.669 -12.147 -11.644 -10.807 -8.786 -5.213 -1.181 2.042 4.36 7.224 10.415 11.74 10.273 7.028 3.695 1.193 -0.6 
-12.253 -12.933 -13.545 -14.124 -14.68 -15.188 -15.635 -15.927 -16.032 -15.996 -15.75 -15.295 -14.597 -13.734 -12.866 -12.151 -11.605 -10.823 -8.977 -5.729 -1.907 1.764 5.866 10.401 13.2 12.52 9.251 5.533 2.688 0.7 -0.911 
-12.985 -13.656 -14.32 -14.983 -15.609 -16.17 -16.657 -16.969 -17.046 -16.967 -16.671 -16.081 -15.185 -13.967 -12.905 -11.93 -11.061 -10.301 -9.032 -6.286 -2.468 2.897 9.387 14.112 14.532 11.416 7.338 4.163 1.996 0.251 -1.338 
-13.703 -14.411 -15.129 -15.851 -16.508 -17.07 -17.515 -17.754 -17.724 -17.544 -17.192 -16.437 -15.311 -13.715 -12.528 -11.582 -10.822 -10.334 -9.314 -5.833 -0.245 7.177 13.848 16.13 13.451 9.069 5.519 3.226 1.457 -0.221 -1.787 
-14.539 -15.275 -15.989 -16.676 -17.288 -17.789 -18.087 -18.067 -17.711 -17.364 -16.935 -16.059 -14.808 -13.326 -12.318 -11.854 -11.68 -11.34 -9.342 -3.834 4.463 12.637 16.609 15.149 10.65 6.723 4.284 2.557 0.933 -0.647 -2.154 
-15.464 -16.14 -16.756 -17.311 -17.795 -18.203 -18.362 -18.036 -17.197 -16.612 -16.031 -15.064 -13.913 -13.186 -13.064 -13.376 -13.305 -11.611 -6.746 1.454 10.196 15.881 15.937 12.002 7.782 5.106 3.395 1.876 0.438 -0.96 -2.439 
-16.274 -16.789 -17.243 -17.624 -17.876 -18.156 -18.408 -18.073 -17.016 -16.16 -15.353 -14.395 -13.724 -14.01 -14.825 -14.974 -12.908 -7.676 0.387 9.069 14.584 15.522 12.564 8.604 5.764 3.929 2.407 1.102 0.041 -1.121 -2.425 
-16.75 -17.085 -17.436 -17.721 -17.713 -17.765 -18.166 -18.207 -17.387 -16.52 -15.754 -15.118 -15.1 -15.739 -15.785 -13.193 -7.046 1.207 8.918 13.793 14.529 12.147 8.755 6.091 4.199 2.55 1.163 0.304 -0.257 -1.116 -1.941 
-16.866 -17.027 -17.42 -17.756 -17.702 -17.533 -17.832 -18.231 -18.06 -17.708 -17.36 -17.06 -16.875 -15.905 -12.395 -5.43 3.061 9.773 12.985 13.022 10.977 8.277 6.008 4.178 2.414 0.786 -0.262 -0.568 -0.655 -1.094 -1.27 
-16.78 -16.824 -17.309 -17.758 -17.842 -17.71 -18.044 -18.785 -19.346 -19.481 -19.148 -18.114 -15.764 -10.915 -3.213 5.14 10.803 12.455 11.347 9.256 7.22 5.531 3.962 2.182 0.332 -1.148 -1.841 -1.723 -1.364 -1.202 -0.39 
-16.59 -16.659 -17.084 -17.621 -18.02 -18.412 -19.405 -20.618 -21.142 -20.591 -18.716 -14.996 -8.903 -0.809 6.98 11.483 11.901 9.971 7.731 6.042 4.791 3.487 1.867 0.029 -1.716 -3.055 -3.625 -3.256 -2.43 -1.558 0.519 
-16.306 -16.379 -16.62 -17.384 -18.559 -19.985 -21.778 -22.596 -21.417 -18.284 -13.213 -6.249 1.642 8.324 11.569 11.109 8.748 6.531 5.118 4.105 2.932 1.381 -0.331 -1.963 -3.478 -4.769 -5.426 -4.98 -3.795 -2.499 0.541 
-15.969 -15.894 -16.132 -17.501 -19.975 -22.28 -23.396 -21.63 -16.961 -10.436 -3.038 3.999 9.079 10.979 9.973 7.629 5.559 4.332 3.439 2.303 0.799 -0.85 -2.373 -3.702 -4.967 -6.163 -6.888 -6.535 -5.249 -3.989 -0.537 
-15.49 -15.314 -16.19 -18.621 -22.046 -23.434 -21.009 -14.909 -7.099 0.322 6.074 9.31 9.875 8.477 6.412 4.723 3.656 2.749 1.566 0.103 -1.482 -2.929 -4.166 -5.264 -6.286 -7.272 -7.942 -7.719 -6.467 -5.307 -1.884 
-14.613 -14.832 -17.054 -20.542 -22.737 -19.992 -12.511 -3.751 3.289 7.523 9.093 8.611 6.988 5.211 3.841 2.928 2.045 0.77 -0.706 -2.149 -3.54 -4.752 -5.785 -6.717 -7.543 -8.277 -8.781 -8.632 -7.381 -5.826 -2.723 
-13.469 -14.856 -18.363 -21.233 -18.87 -10.341 -0.687 5.639 8.165 8.266 7.138 5.628 4.189 3.104 2.223 1.289 0.069 -1.403 -2.799 -4.079 -5.289 -6.374 -7.329 -8.141 -8.828 -9.322 -9.529 -9.298 -8.023 -5.839 -2.864 
-12.731 -15.575 -18.984 -17.936 -9.152 2.0 8.182 8.957 7.412 5.572 4.039 3.034 2.251 1.479 0.565 -0.646 -2.012 -3.311 -4.528 -5.715 -6.825 -7.853 -8.782 -9.485 -10.013 -10.224 -10.038 -9.478 -8.146 -5.838 -2.768 
-12.84 -16.266 -16.961 -9.506 3.265 11.206 11.518 8.589 5.72 3.625 2.08 1.047 0.29 -0.483 -1.438 -2.643 -3.849 -4.942 -6.044 -7.176 -8.246 -9.236 -10.067 -10.602 -10.809 -10.601 -9.979 -9.016 -7.704 -5.869 -3.352 
-13.357 -15.333 -10.723 2.009 13.078 15.156 11.756 7.977 5.636 3.535 1.203 -0.527 -1.74 -2.667 -3.479 -4.416 -5.381 -6.387 -7.407 -8.487 -9.551 -10.519 -11.198 -11.399 -11.02 -10.232 -9.2 -8.125 -7.171 -6.191 -4.897 
-13.028 -11.122 -0.851 12.266 17.483 15.174 11.072 8.037 5.928 2.958 -0.249 -2.089 -3.383 -4.513 -5.254 -5.922 -6.724 -7.691 -8.622 -9.626 -10.702 -11.656 -12.158 -11.835 -10.672 -9.212 -7.976 -7.245 -6.979 -6.884 -6.62 
-10.212 -3.147 9.497 17.781 16.97 12.75 10.061 8.146 5.206 1.262 -1.234 -2.63 -4.249 -5.527 -6.441 -7.114 -7.883 -8.778 -9.612 -10.535 -11.648 -12.615 -12.915 -11.975 -10.011 -8.03 -6.884 -6.7 -7.053 -7.51 -7.701 
-3.788 6.54 16.126 17.652 13.34 9.5 8.873 7.713 4.501 1.52 0.204 -1.347 -3.791 -5.598 -6.958 -7.944 -8.781 -9.597 -10.355 -11.226 -12.345 -13.344 -13.515 -12.107 -9.614 -7.447 -6.523 -6.701 -7.306 -7.915 -8.186 
4.875 13.468 16.611 13.434 8.968 6.934 7.358 7.148 5.55 3.796 2.348 0.029 -2.906 -5.302 -7.222 -8.535 -9.456 -10.23 -10.945 -11.74 -12.782 -13.795 -13.943 -12.478 -10.027 -8.053 -7.348 -7.625 -8.224 -8.732 -8.894 
11.422 14.45 12.475 8.564 6.183 5.786 5.95 5.881 5.643 4.46 2.653 0.034 -2.847 -5.461 -7.595 -9.015 -10.027 -10.86 -11.529 -12.121 -12.961 -13.913 -14.134 -13.039 -11.21 -9.772 -9.333 -9.657 -10.182 -10.496 -10.406 
12.771 11.299 8.186 6.14 5.754 5.798 5.356 4.815 4.337 3.397 1.603 -0.883 -3.549 -6.082 -8.07 -9.452 -10.52 -11.477 -12.082 -12.416 -12.945 -13.715 -14.122 -13.701 -12.754 -11.974 -11.842 -12.3 -12.809 -12.954 -12.567 
