25.17 25.63 26.15 26.71 27.24 27.75 28.19 28.6 28.99 29.34 29.73 30.29 31.01 31.58 31.77 31.59 31.03 30.43 30.38 30.68 30.59 29.87 28.36 26.5 24.84 23.14 21.26 19.31 17.6 16.45 15.94 
25.52 25.88 26.23 26.57 26.88 27.19 27.5 27.86 28.27 28.68 29.11 29.68 30.44 31.23 31.79 31.92 31.54 31.05 30.89 31.15 31.42 30.83 29.04 27.02 25.22 23.06 20.63 18.28 16.45 15.41 15.1 
25.26 25.41 25.55 25.72 25.91 26.18 26.54 26.97 27.46 27.92 28.39 28.97 29.73 30.55 31.28 31.74 31.73 31.42 31.2 31.36 31.74 31.27 29.46 27.33 25.15 22.28 19.07 16.34 14.69 14.18 14.18 
24.22 24.28 24.41 24.62 24.93 25.34 25.84 26.39 26.98 27.54 28.06 28.59 29.14 29.83 30.68 31.37 31.59 31.4 31.3 31.56 31.78 31.07 29.22 26.9 24.0 20.23 16.37 13.69 12.7 12.79 12.94 
22.86 23.05 23.32 23.68 24.1 24.59 25.14 25.75 26.39 27.06 27.73 28.37 28.98 29.62 30.38 31.14 31.55 31.59 31.64 31.73 31.49 30.35 28.22 25.34 21.38 16.69 12.83 10.95 10.82 11.3 11.49 
21.68 21.98 22.31 22.65 23.03 23.48 24.02 24.61 25.28 26.04 26.86 27.73 28.61 29.47 30.22 30.89 31.44 31.86 32.22 32.15 31.24 29.35 26.38 22.2 17.02 12.16 9.27 8.63 9.22 9.85 10.13 
20.56 20.82 21.06 21.33 21.68 22.14 22.7 23.33 24.03 24.82 25.74 26.78 27.88 28.93 29.76 30.24 30.59 31.29 32.33 32.68 31.39 28.3 23.46 17.33 11.44 7.61 6.39 6.89 7.86 8.58 9.16 
19.31 19.52 19.78 20.14 20.63 21.23 21.94 22.69 23.47 24.33 25.27 26.28 27.29 28.2 28.89 29.16 29.29 30.32 32.48 33.2 30.59 25.16 17.96 10.86 5.9 4.03 4.42 5.62 6.77 7.69 8.66 
18.2 18.54 19.01 19.63 20.36 21.19 22.09 22.98 23.88 24.82 25.77 26.64 27.26 27.62 27.92 28.09 28.47 30.34 33.72 33.84 27.13 17.27 9.03 3.81 1.56 1.78 3.21 4.75 6.03 7.25 8.56 
17.69 18.31 19.07 19.93 20.86 21.84 22.84 23.81 24.75 25.72 26.64 27.31 27.65 27.7 27.72 28.07 29.29 32.24 35.2 31.88 20.59 8.24 0.85 -1.41 -0.97 0.66 2.58 4.27 5.76 7.24 8.62 
17.89 18.76 19.71 20.7 21.73 22.79 23.83 24.73 25.49 26.34 27.15 27.63 27.83 28.08 28.63 29.8 31.65 33.43 31.87 22.4 8.87 -0.45 -4.08 -3.91 -1.95 0.32 2.41 4.23 5.89 7.4 8.56 
18.57 19.52 20.51 21.51 22.52 23.61 24.7 25.61 26.29 26.92 27.48 27.91 28.46 29.49 30.94 32.18 31.95 28.41 20.02 7.31 -3.6 -7.61 -6.95 -4.69 -2.03 0.42 2.55 4.44 6.12 7.5 8.23 
19.34 20.24 21.2 22.16 23.05 24.05 25.23 26.29 27.07 27.72 28.38 29.21 30.43 31.91 32.63 30.67 24.32 14.1 2.91 -6.07 -10.5 -10.29 -7.7 -4.65 -1.85 0.57 2.72 4.66 6.26 7.48 7.85 
19.97 20.78 21.73 22.75 23.65 24.5 25.54 26.75 27.97 29.13 30.28 31.47 32.51 32.26 28.53 19.87 7.86 -3.45 -10.84 -13.62 -12.94 -10.48 -7.46 -4.52 -1.89 0.48 2.67 4.6 6.21 7.47 8.01 
20.48 21.16 22.11 23.19 24.16 25.09 26.23 27.72 29.41 30.97 32.09 32.31 30.55 24.93 14.58 1.91 -8.75 -14.81 -16.49 -15.32 -12.83 -9.96 -7.18 -4.6 -2.17 0.14 2.32 4.29 6.06 7.6 9.07 
20.9 21.53 22.37 23.36 24.38 25.65 27.43 29.43 31.03 31.69 30.75 27.12 19.56 8.21 -3.98 -13.08 -17.46 -18.11 -16.72 -14.42 -11.82 -9.24 -6.79 -4.45 -2.16 0.0 2.03 4.01 5.99 8.03 10.41 
21.17 21.68 22.32 23.26 24.65 26.57 28.82 30.41 30.22 27.55 21.76 12.5 0.93 -9.84 -16.79 -19.31 -18.91 -17.27 -15.17 -12.89 -10.55 -8.2 -5.83 -3.5 -1.31 0.62 2.38 4.21 6.27 8.87 11.37 
21.24 21.56 22.14 23.31 25.17 27.35 28.75 27.71 23.13 15.04 4.47 -6.51 -15.19 -19.83 -20.65 -19.33 -17.42 -15.45 -13.37 -11.19 -8.95 -6.61 -4.17 -1.78 0.36 2.16 3.71 5.25 7.17 9.99 12.19 
21.11 21.32 21.95 23.4 25.46 26.51 24.4 17.98 8.01 -3.19 -12.96 -19.38 -21.93 -21.47 -19.57 -17.48 -15.56 -13.65 -11.61 -9.38 -7.03 -4.61 -2.14 0.24 2.37 4.19 5.71 7.08 8.75 11.36 13.29 
20.62 20.84 21.76 23.39 24.17 21.19 12.97 1.46 -9.64 -17.7 -21.97 -22.96 -21.78 -19.71 -17.62 -15.69 -13.79 -11.86 -9.77 -7.44 -5.01 -2.6 -0.18 2.14 4.3 6.21 7.79 9.1 10.51 12.59 14.96 
19.83 20.3 21.53 22.24 18.99 9.44 -3.6 -14.65 -21.07 -23.45 -23.25 -21.75 -19.79 -17.84 -15.98 -14.04 -12.02 -9.96 -7.79 -5.49 -3.16 -0.84 1.45 3.7 5.85 7.78 9.31 10.42 11.37 12.61 14.21 
19.11 19.9 20.76 18.22 8.62 -5.65 -17.38 -23.1 -24.4 -23.61 -22.02 -20.19 -18.29 -16.35 -14.37 -12.35 -10.29 -8.18 -6.01 -3.82 -1.61 0.58 2.77 4.97 7.04 8.7 9.75 10.13 10.15 10.31 10.74 
18.77 19.51 18.22 10.34 -3.86 -16.73 -22.94 -24.13 -23.44 -22.26 -20.8 -19.06 -17.06 -14.88 -12.73 -10.7 -8.72 -6.68 -4.6 -2.51 -0.42 1.71 3.88 6.01 7.72 8.69 8.76 8.02 6.95 6.15 5.84 
18.69 18.28 12.93 0.46 -13.02 -20.13 -21.7 -21.62 -21.12 -20.29 -19.16 -17.41 -15.22 -13.14 -11.17 -9.23 -7.32 -5.39 -3.47 -1.56 0.43 2.55 4.69 6.53 7.57 7.5 6.45 5.0 3.76 3.12 3.11 
18.15 14.89 5.1 -7.98 -16.35 -18.0 -17.49 -17.82 -18.01 -17.45 -16.75 -15.47 -13.33 -11.3 -9.66 -7.89 -6.08 -4.32 -2.58 -0.8 1.1 3.13 5.0 6.19 6.24 5.25 3.91 3.01 2.9 3.5 4.52 
15.71 8.49 -3.35 -12.69 -15.02 -13.52 -12.84 -13.75 -14.11 -11.83 -9.32 -10.43 -11.22 -9.55 -8.0 -6.5 -4.88 -3.29 -1.72 -0.07 1.68 3.37 4.57 4.85 4.13 3.08 2.62 3.17 4.54 6.36 8.21 
9.78 -0.24 -9.93 -13.53 -11.86 -9.36 -8.96 -10.73 -11.65 -10.5 -9.69 -9.69 -9.08 -7.68 -6.28 -5.05 -3.72 -2.32 -0.9 0.62 2.09 3.17 3.47 2.94 2.12 1.94 2.93 4.86 7.19 9.55 11.61 
0.25 -8.7 -13.03 -12.09 -9.4 -7.56 -7.37 -8.79 -10.5 -10.78 -10.07 -9.06 -7.7 -6.11 -4.79 -3.85 -2.78 -1.55 -0.23 1.1 2.21 2.72 2.34 1.44 0.98 1.76 3.78 6.41 9.06 11.44 13.44 
-9.59 -13.82 -13.36 -10.9 -9.12 -8.83 -9.46 -9.84 -10.15 -10.46 -9.66 -7.97 -6.22 -4.77 -3.79 -3.01 -2.11 -1.05 0.12 1.28 2.17 2.41 1.8 0.89 0.71 1.92 4.23 6.93 9.47 11.71 13.7 
-15.4 -15.29 -13.29 -11.6 -11.12 -12.0 -13.07 -12.65 -11.3 -10.08 -8.6 -6.81 -5.25 -4.09 -3.19 -2.41 -1.65 -0.81 0.22 1.27 2.09 2.35 1.93 1.23 1.11 2.17 4.22 6.64 8.99 11.18 13.29 
